60

C     0.000000009     2.839964932     0.000000000    0.848762
C     1.229750000     2.129968443     0.000000000    0.848787
C     1.229750009     0.709975451     0.000000000    0.848745
C     0.000000000     4.259978962     0.000000000    0.848880
C     0.000000009     7.099964932     0.000000000    0.848980
C     1.229750000     6.389968443     0.000000000    0.848973
C     1.229750009     4.969975451     0.000000000    0.848882
C     0.000000000     8.519978962     0.000000000    0.849005
C     0.000000009    11.359964932     0.000000000    0.848815
C     1.229750000    10.649968443     0.000000000    0.848892
C     1.229750009     9.229975451     0.000000000    0.848925
C     0.000000000    12.779978962     0.000000000    0.848774
C     2.459500009     2.839964932     0.000000000    0.848819
C     3.689250000     2.129968443     0.000000000    0.848917
C     3.689250009     0.709975451     0.000000000    0.848887
C     2.459500000     4.259978962     0.000000000    0.848880
C     2.459500009     7.099964932     0.000000000    0.848885
C     3.689250000     6.389968443     0.000000000    0.848844
C     3.689250009     4.969975451     0.000000000    0.848836
C     2.459500000     8.519978962     0.000000000    0.848916
C     2.459500009    11.359964932     0.000000000    0.848839
C     3.689250000    10.649968443     0.000000000    0.848881
C     3.689250009     9.229975451     0.000000000    0.848818
C     2.459500000    12.779978962     0.000000000    0.848848
C     4.919000009     2.839964932     0.000000000    0.848924
C     6.148750000     2.129968443     0.000000000    0.849004
C     6.148750009     0.709975451     0.000000000    0.848982
C     4.919000000     4.259978962     0.000000000    0.848891
C     4.919000009     7.099964932     0.000000000    0.848741
C     6.148750000     6.389968443     0.000000000    0.848770
C     6.148750009     4.969975451     0.000000000    0.848813
C     4.919000000     8.519978962     0.000000000    0.848784
C     4.919000009    11.359964932     0.000000000    0.848885
C     6.148750000    10.649968443     0.000000000    0.848882
C     6.148750009     9.229975451     0.000000000    0.848760
C     4.919000000    12.779978962     0.000000000    0.848976
C     7.378500009     2.839964932     0.000000000    0.848924
C     8.608250000     2.129968443     0.000000000    0.848917
C     8.608250009     0.709975451     0.000000000    0.848887
C     7.378500000     4.259978962     0.000000000    0.848891
C     7.378500009     7.099964932     0.000000000    0.848741
C     8.608250000     6.389968443     0.000000000    0.848844
C     8.608250009     4.969975451     0.000000000    0.848836
C     7.378500000     8.519978962     0.000000000    0.848784
C     7.378500009    11.359964932     0.000000000    0.848885
C     8.608250000    10.649968443     0.000000000    0.848881
C     8.608250009     9.229975451     0.000000000    0.848818
C     7.378500000    12.779978962     0.000000000    0.848976
C     9.838000009     2.839964932     0.000000000    0.848819
C    11.067750000     2.129968443     0.000000000    0.848787
C    11.067750009     0.709975451     0.000000000    0.848745
C     9.838000000     4.259978962     0.000000000    0.848880
C     9.838000009     7.099964932     0.000000000    0.848885
C    11.067750000     6.389968443     0.000000000    0.848973
C    11.067750009     4.969975451     0.000000000    0.848882
C     9.838000000     8.519978962     0.000000000    0.848916
C     9.838000009    11.359964932     0.000000000    0.848839
C    11.067750000    10.649968443     0.000000000    0.848892
C    11.067750009     9.229975451     0.000000000    0.848925
C     9.838000000    12.779978962     0.000000000    0.848848
lattice_vector  12.29750    0.00000   0.00000
lattice_vector   0.00000   12.78000   0.00000
lattice_vector   0.00000    0.00000  15.00000
