528

C    -0.000000000000000  16.535932259999999  8.710128980000000  0.866408790463042
C     0.000000000000000  15.832911449999999  9.947398520000000  0.865053785310626
C     0.000000000000000  15.809373720000000  7.445554010000000  0.864874967657334
C     0.000000000000000  13.653853840000000  8.718950980000001  0.863996182249081
C     0.000000000000000  14.379241970000001  7.450451310000000  0.863995179905163
C     0.000000000000000  14.371354340000000  9.957072589999999  0.863663491042726
C    -0.000000000000000  17.950851530000001  8.739104680000001  0.841398282040003
C    -0.000000000000000  18.650139639999999  9.927283070000000  0.852483370974165
C    -0.000000000000000  17.957715050000001  11.156923550000000  0.856318953243904
C    -0.000000000000000  16.575762220000001  11.151010660000001  0.840292854618319
C     0.000000000000000  13.658171720000000  11.185928250000000  0.832649374747922
C     0.000000000000000  12.285773400000000  11.144623709999999  0.850490119104819
C     0.000000000000000  11.585372800000000  9.931992839999999  0.850583259094871
C     0.000000000000000  12.233961460000000  8.724611280000000  0.833260181792073
C     0.000000000000000  13.668960540000000  6.220559990000000  0.833015469246410
C     0.000000000000000  14.386237140000000  5.051910830000000  0.850592417790775
C     0.000000000000000  15.786302940000001  5.046947350000000  0.851618796858022
C     0.000000000000000  16.511669370000000  6.211084310000000  0.835766420745792
O     0.000000000000000  16.245934930000001  3.736834170000000  0.900318957031685
O     0.000000000000000  13.916966199999999  3.744783780000000  0.899109365401282
O     0.000000000000000  11.381279890000000  12.199136090000000  0.899446133903121
O     0.000000000000000  10.218944510000000  10.180143220000000  0.899187085599428
O    -0.000000000000000  20.033018020000000  10.027252860000001  0.886165735320635
O    -0.000000000000000  18.648836930000002  12.344956590000001  0.900429427471090
C     0.000000000000000  15.816822330000001 -9.965708729999999  0.866491119847073
C     0.000000000000000  16.536144279999998 -8.737315270000000  0.865128657282590
C     0.000000000000000  14.357671979999999 -9.969138180000000  0.864950403807519
C     0.000000000000000  14.382588620000000 -7.464945220000000  0.864043079602265
C     0.000000000000000  13.646975310000000 -8.727869289999999  0.864059960074309
C     0.000000000000000  15.813706880000000 -7.466411820000000  0.863715299374599
C     0.000000000000000  16.551069620000000 -11.176220450000001  0.841458155490539
C     0.000000000000000  17.930269590000002 -11.186421720000000  0.852560767242163
C     0.000000000000000  18.647270570000000 -9.971231899999999  0.856374509812913
C     0.000000000000000  17.950084010000001 -8.777938239999999  0.840327478806826
C     0.000000000000000  16.521070550000001 -6.233888920000000  0.832698255631496
C     0.000000000000000  15.799227110000000 -5.065731410000000  0.850532183219437
C     0.000000000000000  14.398713089999999 -5.066860870000000  0.850598807374065
C     0.000000000000000  13.677407440000000 -6.232624100000000  0.833292453548780
C     0.000000000000000  12.226433190000000 -8.726970469999999  0.833083287493583
C     0.000000000000000  11.571585010000000 -9.931601150000001  0.850676826665427
C     0.000000000000000  12.266869090000000 -11.147040690000001  0.851690684594109
C     0.000000000000000  13.638234870000000 -11.194148710000000  0.835834800109184
O     0.000000000000000  11.361062850000000 -12.199170720000000  0.900367374470248
O     0.000000000000000  10.204221940000000 -10.177268359999999  0.899284125641479
O     0.000000000000000  16.259873850000002 -3.754346580000000  0.899512958655041
O     0.000000000000000  13.929732410000000 -3.760078830000000  0.899093241042449
O     0.000000000000000  18.712222910000001 -12.332803520000001  0.886167384825084
O     0.000000000000000  20.021513179999999 -9.975670859999999  0.900498258477231
C     0.000000000000000 -0.724548730000000 -18.679396749999999  0.866433259210547
C     0.000000000000000  0.698423880000000 -18.689238570000001  0.865069160471285
C     0.000000000000000 -1.455894240000000 -17.417412830000000  0.864901890232051
C     0.000000000000000  0.724736610000000 -16.187308720000001  0.864009226197133
C     0.000000000000000 -0.736675360000000 -16.181211909999998  0.864017638843838
C     0.000000000000000  1.437560440000000 -17.428239730000001  0.863673169912957
C    -0.000000000000000 -1.407018950000000 -19.919505269999998  0.841426433273964
C    -0.000000000000000 -0.727821790000000 -21.119516480000001  0.852516912135174
C    -0.000000000000000  0.683114950000000 -21.134241060000001  0.856311772442718
C     0.000000000000000  1.369247530000000 -19.934523689999999  0.840302741733224
C     0.000000000000000  2.858172420000000 -17.426036440000001  0.832686904378892
C     0.000000000000000  3.509975720000000 -16.217610820000001  0.850541857143181
C     0.000000000000000  2.810769430000000 -15.004244979999999  0.850599255566995
C     0.000000000000000  1.440431710000000 -14.960936439999999  0.833265255756514
C     0.000000000000000 -1.447074370000000 -14.951288060000000  0.833045559716490
C     0.000000000000000 -2.817961100000000 -14.988420870000001  0.850625669142748
C     0.000000000000000 -3.522274650000000 -16.198532329999999  0.851653242377410
C     0.000000000000000 -2.876251400000000 -17.408378140000000  0.835809931373902
O     0.000000000000000 -4.886885190000000 -15.942459930000000  0.900355541738545
O     0.000000000000000 -3.715496240000000 -13.929100340000000  0.899168915511417
O     0.000000000000000  4.876255970000000 -15.963473779999999  0.899564306704933
O     0.000000000000000  3.710330260000000 -13.946401000000000  0.899175256544491
O    -0.000000000000000 -1.332451880000000 -22.368077650000000  0.886227852301602
O    -0.000000000000000  1.365669150000000 -22.326610930000001  0.900373716405019
C    -0.000000000000000 -16.535932190000000 -8.710128970000000  0.866408793230592
C     0.000000000000000 -15.832911409999999 -9.947398529999999  0.865053789332712
C     0.000000000000000 -15.809373640000000 -7.445554010000000  0.864874972752343
C     0.000000000000000 -13.653853789999999 -8.718951020000000  0.863996186858380
C     0.000000000000000 -14.379241889999999 -7.450451330000000  0.863995184042939
C     0.000000000000000 -14.371354289999999 -9.957072620000000  0.863663498063431
C    -0.000000000000000 -17.950851449999998 -8.739104610000000  0.841398286427804
C    -0.000000000000000 -18.650139620000001 -9.927282959999999  0.852483372072762
C    -0.000000000000000 -17.957715080000000 -11.156923470000001  0.856318954833864
C    -0.000000000000000 -16.575762240000000 -11.151010640000001  0.840292860482673
C     0.000000000000000 -13.658171640000001 -11.185928280000001  0.832649385283894
C     0.000000000000000 -12.285773320000001 -11.144623709999999  0.850490123521069
C     0.000000000000000 -11.585372740000000 -9.931992830000000  0.850583261466235
C     0.000000000000000 -12.233961409999999 -8.724611290000000  0.833260186173469
C     0.000000000000000 -13.668960430000000 -6.220560020000000  0.833015471460436
C     0.000000000000000 -14.386237010000000 -5.051910860000000  0.850592414599341
C     0.000000000000000 -15.786302810000000 -5.046947360000000  0.851618795344462
C     0.000000000000000 -16.511669260000001 -6.211084300000000  0.835766429848443
O     0.000000000000000 -16.245934779999999 -3.736834180000000  0.900318951570486
O     0.000000000000000 -13.916966049999999 -3.744783820000000  0.899109363396291
O     0.000000000000000 -11.381279760000000 -12.199136060000001  0.899446134307460
O     0.000000000000000 -10.218944440000000 -10.180143160000000  0.899187085915894
O    -0.000000000000000 -20.033018009999999 -10.027252689999999  0.886165732553985
O    -0.000000000000000 -18.648837050000001 -12.344956450000000  0.900429419177685
C     0.000000000000000 -15.816822370000001  9.965708680000001  0.866491138755225
C     0.000000000000000 -16.536144329999999  8.737315219999999  0.865128675076014
C     0.000000000000000 -14.357672030000000  9.969138120000000  0.864950423526742
C     0.000000000000000 -14.382588660000000  7.464945180000000  0.864043097349787
C     0.000000000000000 -13.646975350000000  8.727869249999999  0.864059978148335
C     0.000000000000000 -15.813706930000000  7.466411780000000  0.863715314279415
C     0.000000000000000 -16.551069630000001  11.176220410000001  0.841458165190335
C     0.000000000000000 -17.930269590000002  11.186421720000000  0.852560761946168
C     0.000000000000000 -18.647270599999999  9.971231919999999  0.856374503234167
C     0.000000000000000 -17.950084069999999  8.777938230000000  0.840327491916910
C     0.000000000000000 -16.521070580000000  6.233888860000000  0.832698259124175
C     0.000000000000000 -15.799227119999999  5.065731350000000  0.850532173093864
C     0.000000000000000 -14.398713100000000  5.066860840000000  0.850598803985120
C     0.000000000000000 -13.677407470000000  6.232624070000000  0.833292463930473
C     0.000000000000000 -12.226433230000000  8.726970440000001  0.833083295625696
C     0.000000000000000 -11.571585069999999  9.931601120000000  0.850676823193184
C     0.000000000000000 -12.266869170000000  11.147040649999999  0.851690673040298
C     0.000000000000000 -13.638234940000000  11.194148660000000  0.835834809350216
O     0.000000000000000 -11.361062960000000  12.199170700000000  0.900367353240611
O     0.000000000000000 -10.204222000000000  10.177268359999999  0.899284116589178
O     0.000000000000000 -16.259873830000000  3.754346510000000  0.899512943145762
O     0.000000000000000 -13.929732390000000  3.760078810000000  0.899093233328026
O     0.000000000000000 -18.712222860000001  12.332803550000000  0.886167371980892
O     0.000000000000000 -20.021513209999998  9.975670930000000  0.900498221078302
C     0.000000000000000  0.724548670000000  18.679396680000000  0.866433258676056
C     0.000000000000000 -0.698423940000000  18.689238520000000  0.865069161712049
C     0.000000000000000  1.455894170000000  17.417412760000001  0.864901888463979
C     0.000000000000000 -0.724736690000000  16.187308649999999  0.864009220610138
C     0.000000000000000  0.736675300000000  16.181211829999999  0.864017634651291
C     0.000000000000000 -1.437560500000000  17.428239680000001  0.863673171183131
C    -0.000000000000000  1.407018900000000  19.919505189999999  0.841426405735049
C    -0.000000000000000  0.727821760000000  21.119516399999998  0.852516894796391
C    -0.000000000000000 -0.683114980000000  21.134240999999999  0.856311763994578
C     0.000000000000000 -1.369247570000000  19.934523649999999  0.840302718236908
C     0.000000000000000 -2.858172490000000  17.426036419999999  0.832686886506475
C     0.000000000000000 -3.509975820000000  16.217610830000002  0.850541856682472
C     0.000000000000000 -2.810769560000000  15.004244979999999  0.850599247199872
C     0.000000000000000 -1.440431830000000  14.960936400000000  0.833265225380780
C     0.000000000000000  1.447074340000000  14.951288000000000  0.833045533483199
C     0.000000000000000  2.817961090000000  14.988420830000001  0.850625660999587
C     0.000000000000000  3.522274610000000  16.198532310000001  0.851653241681613
C     0.000000000000000  2.876251330000000  17.408378089999999  0.835809907468122
O     0.000000000000000  4.886885150000000  15.942459970000000  0.900355566810152
O     0.000000000000000  3.715496280000000  13.929100340000000  0.899168924274886
O     0.000000000000000 -4.876256090000000  15.963473840000001  0.899564338031157
O     0.000000000000000 -3.710330430000000  13.946401030000001  0.899175268923337
O    -0.000000000000000  1.332451890000000  22.368077549999999  0.886227865271462
O    -0.000000000000000 -1.365669150000000  22.326610890000001  0.900373765669706
B     0.000000000000000  4.989754440000000  14.534122940000000  0.797815969534810
C     0.000000000000000  6.321331710000000  13.763918060000000  0.855817930503858
C     0.000000000000000  6.340829610000000  12.354573660000000  0.825691054443949
C     0.000000000000000  7.549315540000000  14.455884120000000  0.826691578071068
C     0.000000000000000  7.547080310000000  11.661296730000000  0.825726187796305
C     0.000000000000000  8.755324870000001  13.762644190000000  0.826214194979986
C     0.000000000000000  8.775096169999999  12.353375700000001  0.855523623049909
B     0.000000000000000  10.109792610000000  11.586681909999999  0.797361737753067
B     0.000000000000000  15.077525720000001  2.944346710000000  0.797797506689476
C     0.000000000000000  15.075535900000000  1.406367780000000  0.855794411929047
C     0.000000000000000  13.865183840000000  0.684064290000000  0.825644942267182
C     0.000000000000000  16.289508590000001  0.690622050000000  0.826670462165105
C     0.000000000000000  13.869140370000000 -0.707192670000000  0.825677956495112
C     0.000000000000000  16.293566949999999 -0.700110860000000  0.826193919450936
C     0.000000000000000  15.083810150000000 -1.422718230000000  0.855510575944136
B     0.000000000000000  15.091883090000000 -2.961066600000000  0.797382638511988
B     0.000000000000000  10.090317760000000 -11.583477980000000  0.797848808059335
C     0.000000000000000  8.758286390000000 -12.353867749999999  0.855835547472012
C     0.000000000000000  7.526089900000000 -11.669525760000001  0.825669009129093
C     0.000000000000000  8.746506770000000 -13.763457680000000  0.826778316739009
C     0.000000000000000  6.324314200000000 -12.370759840000000  0.825807516031903
C     0.000000000000000  7.544970860000000 -14.464556130000000  0.826193064978516
C     0.000000000000000  6.312768430000000 -13.780508890000000  0.855539582731583
B     0.000000000000000  4.982609850000000 -14.555741319999999  0.797384109965062
B     0.000000000000000 -4.989754410000000 -14.534122900000000  0.797815961686903
C     0.000000000000000 -6.321331640000000 -13.763917980000000  0.855817933618971
C     0.000000000000000 -6.340829500000000 -12.354573580000000  0.825691056596563
C     0.000000000000000 -7.549315470000000 -14.455884030000000  0.826691571488614
C     0.000000000000000 -7.547080200000000 -11.661296630000001  0.825726186386427
C     0.000000000000000 -8.755324780000000 -13.762644079999999  0.826214183120133
C     0.000000000000000 -8.775096059999999 -12.353375590000001  0.855523614870312
B     0.000000000000000 -10.109792510000000 -11.586681840000001  0.797361735147078
B     0.000000000000000 -15.077525560000000 -2.944346730000000  0.797797502386566
C     0.000000000000000 -15.075535759999999 -1.406367820000000  0.855794407313135
C     0.000000000000000 -13.865183710000000 -0.684064310000000  0.825644937766180
C     0.000000000000000 -16.289508470000001 -0.690622120000000  0.826670459259017
C     0.000000000000000 -13.869140280000000  0.707192650000000  0.825677956997056
C     0.000000000000000 -16.293566869999999  0.700110790000000  0.826193917554753
C     0.000000000000000 -15.083810079999999  1.422718180000000  0.855510578352740
B     0.000000000000000 -15.091883050000000  2.961066560000000  0.797382634078953
B     0.000000000000000 -10.090317850000000  11.583477980000000  0.797848804340995
C     0.000000000000000 -8.758286510000000  12.353867790000001  0.855835558975486
C     0.000000000000000 -7.526090010000000  11.669525820000000  0.825669014793966
C     0.000000000000000 -8.746506930000001  13.763457730000001  0.826778318273186
C     0.000000000000000 -6.324314330000000  12.370759919999999  0.825807513382376
C     0.000000000000000 -7.544971030000000  14.464556200000001  0.826193056140362
C     0.000000000000000 -6.312768590000000  13.780508980000000  0.855539569559181
B     0.000000000000000 -4.982610000000000  14.555741380000001  0.797384114066519
H    -0.000000000000000  18.523172630000001  7.811372580000000  0.679346216340026
H     0.000000000000000  16.083678429999999  12.120981680000000  0.685445743951846
H     0.000000000000000  14.166851790000001  12.146255249999999  0.668715980825029
H     0.000000000000000  11.650626190000001  7.808314150000000  0.670151745365126
H     0.000000000000000  12.583545900000001  6.178004130000000  0.669503700298575
H     0.000000000000000  17.597217910000001  6.162059770000000  0.676907728398127
H    -0.000000000000000  20.420819860000002  9.134281540000000  0.606008637534019
H    -0.000000000000000  19.601738550000000  12.126003190000000  0.688079695777015
H     0.000000000000000  16.034084709999998 -12.135984519999999  0.679263251833571
H     0.000000000000000  18.543147560000001 -7.866204290000000  0.685489612711521
H     0.000000000000000  17.607083920000001 -6.194225480000000  0.668751108619580
H     0.000000000000000  12.592225290000000 -6.185257790000000  0.670178203328963
H     0.000000000000000  11.647773880000001 -7.807697020000000  0.669665876422326
H     0.000000000000000  14.137932050000000 -12.159184670000000  0.676821259803520
H     0.000000000000000  18.134393830000000 -13.116324090000001  0.605969600906532
H     0.000000000000000  20.307990539999999 -10.910453049999999  0.688555907263017
H    -0.000000000000000 -2.496642290000000 -19.950945919999999  0.679361305200596
H     0.000000000000000  2.455289600000000 -19.993601880000000  0.685447799347596
H     0.000000000000000  3.434734220000000 -18.347197220000002  0.668853510686985
H     0.000000000000000  0.939245980000000 -13.997213960000000  0.670034686501325
H     0.000000000000000 -0.941364470000000 -13.989900329999999  0.669480131817569
H     0.000000000000000 -3.461221300000000 -18.324149360000000  0.677014900216722
H    -0.000000000000000 -2.299643070000000 -22.257211519999998  0.606077750408553
H    -0.000000000000000  0.699438850000000 -23.042122660000000  0.688208613999745
H    -0.000000000000000 -18.523172509999998 -7.811372480000000  0.679346228128371
H     0.000000000000000 -16.083678490000000 -12.120981690000001  0.685445744496298
H     0.000000000000000 -14.166851710000000 -12.146255289999999  0.668715987797754
H     0.000000000000000 -11.650626160000000 -7.808314150000000  0.670151755836346
H     0.000000000000000 -12.583545790000001 -6.178004180000000  0.669503706896712
H     0.000000000000000 -17.597217799999999 -6.162059730000000  0.676907748843686
H    -0.000000000000000 -20.420819800000000 -9.134281339999999  0.606008633325540
H    -0.000000000000000 -19.601738659999999 -12.126002970000000  0.688079721046667
H     0.000000000000000 -16.034084690000000  12.135984470000000  0.679263265343671
H     0.000000000000000 -18.543147640000001  7.866204290000000  0.685489622851006
H     0.000000000000000 -17.607083939999999  6.194225410000000  0.668751114276337
H     0.000000000000000 -12.592225320000001  6.185257780000000  0.670178219751700
H     0.000000000000000 -11.647773900000001  7.807697000000000  0.669665887939408
H     0.000000000000000 -14.137932120000000  12.159184620000000  0.676821274098425
H     0.000000000000000 -18.134393740000000  13.116324090000001  0.605969592501417
H     0.000000000000000 -20.307990520000001  10.910453130000000  0.688555864188697
H    -0.000000000000000  2.496642240000000  19.950945820000001  0.679361261063564
H     0.000000000000000 -2.455289640000000  19.993601850000001  0.685447765029000
H     0.000000000000000 -3.434734260000000  18.347197229999999  0.668853477849503
H     0.000000000000000 -0.939246120000000  13.997213909999999  0.670034636067174
H     0.000000000000000  0.941364450000000  13.989900260000001  0.669480082608677
H     0.000000000000000  3.461221210000000  18.324149320000000  0.677014858917505
H    -0.000000000000000  2.299643080000000  22.257211370000000  0.606077758667972
H    -0.000000000000000 -0.699438820000000  23.042122590000002  0.688208680691390
H     0.000000000000000  5.397821840000000  11.805909290000001  0.656336838982964
H     0.000000000000000  7.548746550000000  15.546881519999999  0.659627110683718
H     0.000000000000000  7.547564540000000  10.570313640000000  0.656776773389537
H     0.000000000000000  9.698549760000001  14.310923989999999  0.657827083171531
H     0.000000000000000  12.918236780000001  1.225888740000000  0.656215328779904
H     0.000000000000000  17.233293180000000  1.237907940000000  0.659781562572646
H     0.000000000000000  12.925308859999999 -1.254350850000000  0.656651091479975
H     0.000000000000000  17.240437369999999 -1.242066030000000  0.657961845052291
H     0.000000000000000  7.519311190000000 -10.578525770000001  0.656094873226694
H     0.000000000000000  9.692899530000000 -14.306258489999999  0.659906804895368
H     0.000000000000000  5.378000200000000 -11.827876990000000  0.657012833494944
H     0.000000000000000  7.551316830000000 -15.555555050000001  0.657596643332911
H     0.000000000000000 -5.397821720000000 -11.805909220000000  0.656336832450885
H     0.000000000000000 -7.548746490000000 -15.546881429999999  0.659627094840003
H     0.000000000000000 -7.547564420000000 -10.570313540000001  0.656776769972892
H     0.000000000000000 -9.698549679999999 -14.310923860000001  0.657827076566942
H     0.000000000000000 -12.918236650000001 -1.225888730000000  0.656215322349416
H     0.000000000000000 -17.233293040000000 -1.237908030000000  0.659781560379237
H     0.000000000000000 -12.925308780000000  1.254350860000000  0.656651088203921
H     0.000000000000000 -17.240437300000000  1.242065940000000  0.657961837292739
H     0.000000000000000 -7.519311290000000  10.578525830000000  0.656094873633060
H     0.000000000000000 -9.692899700000000  14.306258500000000  0.659906803160516
H     0.000000000000000 -5.378000320000000  11.827877100000000  0.657012841818785
H     0.000000000000000 -7.551317020000000  15.555555119999999  0.657596649954737
C     3.100000000000000  16.535932259999999  8.710128980000000  0.866411307741690
C     3.100000000000000  15.832911449999999  9.947398520000000  0.865053335297653
C     3.100000000000000  15.809373720000000  7.445554010000000  0.864871604305573
C     3.100000000000000  13.653853840000000  8.718950980000001  0.863997720157047
C     3.100000000000000  14.379241970000001  7.450451310000000  0.863993052180939
C     3.100000000000000  14.371354340000000  9.957072589999999  0.863661926124189
C     3.100000000000000  17.950851530000001  8.739104680000001  0.841397586640091
C     3.100000000000000  18.650139639999999  9.927283070000000  0.852481369033289
C     3.100000000000000  17.957715050000001  11.156923550000000  0.856312839317452
C     3.100000000000000  16.575762220000001  11.151010660000001  0.840290061008666
C     3.100000000000000  13.658171720000000  11.185928250000000  0.832652340038744
C     3.100000000000000  12.285773400000000  11.144623709999999  0.850489061207139
C     3.100000000000000  11.585372800000000  9.931992839999999  0.850585082289658
C     3.100000000000000  12.233961460000000  8.724611280000000  0.833260272622026
C     3.100000000000000  13.668960540000000  6.220559990000000  0.833012791902439
C     3.100000000000000  14.386237140000000  5.051910830000000  0.850591198321395
C     3.100000000000000  15.786302940000001  5.046947350000000  0.851618001861788
C     3.100000000000000  16.511669370000000  6.211084310000000  0.835764909242460
O     3.100000000000000  16.245934930000001  3.736834170000000  0.900309454335522
O     3.100000000000000  13.916966199999999  3.744783780000000  0.899109817626432
O     3.100000000000000  11.381279890000000  12.199136090000000  0.899442526021477
O     3.100000000000000  10.218944510000000  10.180143220000000  0.899183806169267
O     3.100000000000000  20.033018020000000  10.027252860000001  0.886159736487016
O     3.100000000000000  18.648836930000002  12.344956590000001  0.900424555955513
C     3.100000000000000  15.816822330000001 -9.965708729999999  0.866489887077516
C     3.100000000000000  16.536144279999998 -8.737315270000000  0.865127460340493
C     3.100000000000000  14.357671979999999 -9.969138180000000  0.864946830489925
C     3.100000000000000  14.382588620000000 -7.464945220000000  0.864041173275693
C     3.100000000000000  13.646975310000000 -8.727869289999999  0.864058063687367
C     3.100000000000000  15.813706880000000 -7.466411820000000  0.863713165184985
C     3.100000000000000  16.551069620000000 -11.176220450000001  0.841457794177414
C     3.100000000000000  17.930269590000002 -11.186421720000000  0.852555486215151
C     3.100000000000000  18.647270570000000 -9.971231899999999  0.856368049690729
C     3.100000000000000  17.950084010000001 -8.777938239999999  0.840325079056566
C     3.100000000000000  16.521070550000001 -6.233888920000000  0.832699445035151
C     3.100000000000000  15.799227110000000 -5.065731410000000  0.850529857326243
C     3.100000000000000  14.398713089999999 -5.066860870000000  0.850596890986338
C     3.100000000000000  13.677407440000000 -6.232624100000000  0.833292423773355
C     3.100000000000000  12.226433190000000 -8.726970469999999  0.833081715964843
C     3.100000000000000  11.571585010000000 -9.931601150000001  0.850678571543121
C     3.100000000000000  12.266869090000000 -11.147040690000001  0.851692815862049
C     3.100000000000000  13.638234870000000 -11.194148710000000  0.835834690748983
O     3.100000000000000  11.361062850000000 -12.199170720000000  0.900362405670625
O     3.100000000000000  10.204221940000000 -10.177268359999999  0.899283663000130
O     3.100000000000000  16.259873850000002 -3.754346580000000  0.899512438829118
O     3.100000000000000  13.929732410000000 -3.760078830000000  0.899099880831063
O     3.100000000000000  18.712222910000001 -12.332803520000001  0.886160755575062
O     3.100000000000000  20.021513179999999 -9.975670859999999  0.900498371484055
C     3.100000000000000 -0.724548730000000 -18.679396749999999  0.866434291514458
C     3.100000000000000  0.698423880000000 -18.689238570000001  0.865068274238434
C     3.100000000000000 -1.455894240000000 -17.417412830000000  0.864900350819524
C     3.100000000000000  0.724736610000000 -16.187308720000001  0.864006392095767
C     3.100000000000000 -0.736675360000000 -16.181211909999998  0.864012628247017
C     3.100000000000000  1.437560440000000 -17.428239730000001  0.863668922288402
C     3.100000000000000 -1.407018950000000 -19.919505269999998  0.841427901031935
C     3.100000000000000 -0.727821790000000 -21.119516480000001  0.852516458980610
C     3.100000000000000  0.683114950000000 -21.134241060000001  0.856312285764597
C     3.100000000000000  1.369247530000000 -19.934523689999999  0.840300460103570
C     3.100000000000000  2.858172420000000 -17.426036440000001  0.832684546881881
C     3.100000000000000  3.509975720000000 -16.217610820000001  0.850544210670933
C     3.100000000000000  2.810769430000000 -15.004244979999999  0.850599621818672
C     3.100000000000000  1.440431710000000 -14.960936439999999  0.833261570188193
C     3.100000000000000 -1.447074370000000 -14.951288060000000  0.833042650067475
C     3.100000000000000 -2.817961100000000 -14.988420870000001  0.850624801886825
C     3.100000000000000 -3.522274650000000 -16.198532329999999  0.851649858816981
C     3.100000000000000 -2.876251400000000 -17.408378140000000  0.835807091387098
O     3.100000000000000 -4.886885190000000 -15.942459930000000  0.900354166979193
O     3.100000000000000 -3.715496240000000 -13.929100340000000  0.899166936712797
O     3.100000000000000  4.876255970000000 -15.963473779999999  0.899557979629250
O     3.100000000000000  3.710330260000000 -13.946401000000000  0.899168582610116
O     3.100000000000000 -1.332451880000000 -22.368077650000000  0.886216974681902
O     3.100000000000000  1.365669150000000 -22.326610930000001  0.900371950761400
C     3.100000000000000 -16.535932190000000 -8.710128970000000  0.866411310569977
C     3.100000000000000 -15.832911409999999 -9.947398529999999  0.865053339281954
C     3.100000000000000 -15.809373640000000 -7.445554010000000  0.864871609553668
C     3.100000000000000 -13.653853789999999 -8.718951020000000  0.863997724857243
C     3.100000000000000 -14.379241889999999 -7.450451330000000  0.863993056550146
C     3.100000000000000 -14.371354289999999 -9.957072620000000  0.863661933063852
C     3.100000000000000 -17.950851449999998 -8.739104610000000  0.841397591189951
C     3.100000000000000 -18.650139620000001 -9.927282959999999  0.852481370268867
C     3.100000000000000 -17.957715080000000 -11.156923470000001  0.856312840837469
C     3.100000000000000 -16.575762240000000 -11.151010640000001  0.840290066859352
C     3.100000000000000 -13.658171640000001 -11.185928280000001  0.832652350432886
C     3.100000000000000 -12.285773320000001 -11.144623709999999  0.850489065539001
C     3.100000000000000 -11.585372740000000 -9.931992830000000  0.850585084732417
C     3.100000000000000 -12.233961409999999 -8.724611290000000  0.833260277148053
C     3.100000000000000 -13.668960430000000 -6.220560020000000  0.833012794316646
C     3.100000000000000 -14.386237010000000 -5.051910860000000  0.850591195047025
C     3.100000000000000 -15.786302810000000 -5.046947360000000  0.851618000248566
C     3.100000000000000 -16.511669260000001 -6.211084300000000  0.835764908696688
O     3.100000000000000 -16.245934779999999 -3.736834180000000  0.900309448772462
O     3.100000000000000 -13.916966049999999 -3.744783820000000  0.899109815399695
O     3.100000000000000 -11.381279760000000 -12.199136060000001  0.899442526369063
O     3.100000000000000 -10.218944440000000 -10.180143160000000  0.899183806527608
O     3.100000000000000 -20.033018009999999 -10.027252689999999  0.886159733911844
O     3.100000000000000 -18.648837050000001 -12.344956450000000  0.900424547340839
C     3.100000000000000 -15.816822370000001  9.965708680000001  0.866489905857971
C     3.100000000000000 -16.536144329999999  8.737315219999999  0.865127478209669
C     3.100000000000000 -14.357672030000000  9.969138120000000  0.864946849983475
C     3.100000000000000 -14.382588660000000  7.464945180000000  0.864041191018598
C     3.100000000000000 -13.646975350000000  8.727869249999999  0.864058081624748
C     3.100000000000000 -15.813706930000000  7.466411780000000  0.863713180211092
C     3.100000000000000 -16.551069630000001  11.176220410000001  0.841457803709005
C     3.100000000000000 -17.930269590000002  11.186421720000000  0.852555480891434
C     3.100000000000000 -18.647270599999999  9.971231919999999  0.856368043295100
C     3.100000000000000 -17.950084069999999  8.777938230000000  0.840325092334932
C     3.100000000000000 -16.521070580000000  6.233888860000000  0.832699448611206
C     3.100000000000000 -15.799227119999999  5.065731350000000  0.850529847135551
C     3.100000000000000 -14.398713100000000  5.066860840000000  0.850596887651180
C     3.100000000000000 -13.677407470000000  6.232624070000000  0.833292434144882
C     3.100000000000000 -12.226433230000000  8.726970440000001  0.833081724104347
C     3.100000000000000 -11.571585069999999  9.931601120000000  0.850678568156874
C     3.100000000000000 -12.266869170000000  11.147040649999999  0.851692804216355
C     3.100000000000000 -13.638234940000000  11.194148660000000  0.835834699865508
O     3.100000000000000 -11.361062960000000  12.199170700000000  0.900362384271532
O     3.100000000000000 -10.204222000000000  10.177268359999999  0.899283653907016
O     3.100000000000000 -16.259873830000000  3.754346510000000  0.899512422834852
O     3.100000000000000 -13.929732390000000  3.760078810000000  0.899099873214718
O     3.100000000000000 -18.712222860000001  12.332803550000000  0.886160742880260
O     3.100000000000000 -20.021513209999998  9.975670930000000  0.900498334117139
C     3.100000000000000  0.724548670000000  18.679396680000000  0.866434290999885
C     3.100000000000000 -0.698423940000000  18.689238520000000  0.865068275559489
C     3.100000000000000  1.455894170000000  17.417412760000001  0.864900349075726
C     3.100000000000000 -0.724736690000000  16.187308649999999  0.864006386366553
C     3.100000000000000  0.736675300000000  16.181211829999999  0.864012623920885
C     3.100000000000000 -1.437560500000000  17.428239680000001  0.863668923778466
C     3.100000000000000  1.407018900000000  19.919505189999999  0.841427873472973
C     3.100000000000000  0.727821760000000  21.119516399999998  0.852516441534721
C     3.100000000000000 -0.683114980000000  21.134240999999999  0.856312277290524
C     3.100000000000000 -1.369247570000000  19.934523649999999  0.840300436730879
C     3.100000000000000 -2.858172490000000  17.426036419999999  0.832684530656218
C     3.100000000000000 -3.509975820000000  16.217610830000002  0.850544211215927
C     3.100000000000000 -2.810769560000000  15.004244979999999  0.850599613557228
C     3.100000000000000 -1.440431830000000  14.960936400000000  0.833261539620265
C     3.100000000000000  1.447074340000000  14.951288000000000  0.833042623463516
C     3.100000000000000  2.817961090000000  14.988420830000001  0.850624793528934
C     3.100000000000000  3.522274610000000  16.198532310000001  0.851649858026423
C     3.100000000000000  2.876251330000000  17.408378089999999  0.835807067697708
O     3.100000000000000  4.886885150000000  15.942459970000000  0.900354191679068
O     3.100000000000000  3.715496280000000  13.929100340000000  0.899166945280580
O     3.100000000000000 -4.876256090000000  15.963473840000001  0.899558010509471
O     3.100000000000000 -3.710330430000000  13.946401030000001  0.899168595107020
O     3.100000000000000  1.332451890000000  22.368077549999999  0.886216987650444
O     3.100000000000000 -1.365669150000000  22.326610890000001  0.900371999858927
B     3.100000000000000  4.989754440000000  14.534122940000000  0.797815610993598
C     3.100000000000000  6.321331710000000  13.763918060000000  0.855815259507409
C     3.100000000000000  6.340829610000000  12.354573660000000  0.825690490657688
C     3.100000000000000  7.549315540000000  14.455884120000000  0.826688468337450
C     3.100000000000000  7.547080310000000  11.661296730000000  0.825725115842847
C     3.100000000000000  8.755324870000001  13.762644190000000  0.826214013692149
C     3.100000000000000  8.775096169999999  12.353375700000001  0.855522814368307
B     3.100000000000000  10.109792610000000  11.586681909999999  0.797357680696674
B     3.100000000000000  15.077525720000001  2.944346710000000  0.797792410791176
C     3.100000000000000  15.075535900000000  1.406367780000000  0.855789733740386
C     3.100000000000000  13.865183840000000  0.684064290000000  0.825641116697625
C     3.100000000000000  16.289508590000001  0.690622050000000  0.826667489085556
C     3.100000000000000  13.869140370000000 -0.707192670000000  0.825670885225081
C     3.100000000000000  16.293566949999999 -0.700110860000000  0.826189783203720
C     3.100000000000000  15.083810150000000 -1.422718230000000  0.855508246785622
B     3.100000000000000  15.091883090000000 -2.961066600000000  0.797380428633413
B     3.100000000000000  10.090317760000000 -11.583477980000000  0.797844223247100
C     3.100000000000000  8.758286390000000 -12.353867749999999  0.855832592352510
C     3.100000000000000  7.526089900000000 -11.669525760000001  0.825670718272066
C     3.100000000000000  8.746506770000000 -13.763457680000000  0.826778564559526
C     3.100000000000000  6.324314200000000 -12.370759840000000  0.825806781228503
C     3.100000000000000  7.544970860000000 -14.464556130000000  0.826191340371833
C     3.100000000000000  6.312768430000000 -13.780508890000000  0.855539454882551
B     3.100000000000000  4.982609850000000 -14.555741319999999  0.797380474165114
B     3.100000000000000 -4.989754410000000 -14.534122900000000  0.797815603452798
C     3.100000000000000 -6.321331640000000 -13.763917980000000  0.855815262787744
C     3.100000000000000 -6.340829500000000 -12.354573580000000  0.825690492727004
C     3.100000000000000 -7.549315470000000 -14.455884030000000  0.826688461823020
C     3.100000000000000 -7.547080200000000 -11.661296630000001  0.825725114312249
C     3.100000000000000 -8.755324780000000 -13.762644079999999  0.826214001878483
C     3.100000000000000 -8.775096059999999 -12.353375590000001  0.855522806123565
B     3.100000000000000 -10.109792510000000 -11.586681840000001  0.797357678018118
B     3.100000000000000 -15.077525560000000 -2.944346730000000  0.797792406385444
C     3.100000000000000 -15.075535759999999 -1.406367820000000  0.855789728991537
C     3.100000000000000 -13.865183710000000 -0.684064310000000  0.825641111965452
C     3.100000000000000 -16.289508470000001 -0.690622120000000  0.826667486131154
C     3.100000000000000 -13.869140280000000  0.707192650000000  0.825670885574535
C     3.100000000000000 -16.293566869999999  0.700110790000000  0.826189781234611
C     3.100000000000000 -15.083810079999999  1.422718180000000  0.855508249064663
B     3.100000000000000 -15.091883050000000  2.961066560000000  0.797380424005219
B     3.100000000000000 -10.090317850000000  11.583477980000000  0.797844219352722
C     3.100000000000000 -8.758286510000000  12.353867790000001  0.855832603714284
C     3.100000000000000 -7.526090010000000  11.669525820000000  0.825670723927836
C     3.100000000000000 -8.746506930000001  13.763457730000001  0.826778565732630
C     3.100000000000000 -6.324314330000000  12.370759919999999  0.825806778525138
C     3.100000000000000 -7.544971030000000  14.464556200000001  0.826191331252430
C     3.100000000000000 -6.312768590000000  13.780508980000000  0.855539441752965
B     3.100000000000000 -4.982610000000000  14.555741380000001  0.797380478585639
H     3.100000000000000  18.523172630000001  7.811372580000000  0.679350760655051
H     3.100000000000000  16.083678429999999  12.120981680000000  0.685448264644252
H     3.100000000000000  14.166851790000001  12.146255249999999  0.668721226980993
H     3.100000000000000  11.650626190000001  7.808314150000000  0.670155583912492
H     3.100000000000000  12.583545900000001  6.178004130000000  0.669508284792135
H     3.100000000000000  17.597217910000001  6.162059770000000  0.676914413678519
H     3.100000000000000  20.420819860000002  9.134281540000000  0.606002584752109
H     3.100000000000000  19.601738550000000  12.126003190000000  0.688058305214123
H     3.100000000000000  16.034084709999998 -12.135984519999999  0.679271277460271
H     3.100000000000000  18.543147560000001 -7.866204290000000  0.685499019341265
H     3.100000000000000  17.607083920000001 -6.194225480000000  0.668756485868843
H     3.100000000000000  12.592225290000000 -6.185257790000000  0.670181345449581
H     3.100000000000000  11.647773880000001 -7.807697020000000  0.669669315672320
H     3.100000000000000  14.137932050000000 -12.159184670000000  0.676825870180999
H     3.100000000000000  18.134393830000000 -13.116324090000001  0.605967120595264
H     3.100000000000000  20.307990539999999 -10.910453049999999  0.688551915293743
H     3.100000000000000 -2.496642290000000 -19.950945919999999  0.679368736103535
H     3.100000000000000  2.455289600000000 -19.993601880000000  0.685454530108433
H     3.100000000000000  3.434734220000000 -18.347197220000002  0.668860309341037
H     3.100000000000000  0.939245980000000 -13.997213960000000  0.670042301770972
H     3.100000000000000 -0.941364470000000 -13.989900329999999  0.669489836805125
H     3.100000000000000 -3.461221300000000 -18.324149360000000  0.677017390999499
H     3.100000000000000 -2.299643070000000 -22.257211519999998  0.606072828428069
H     3.100000000000000  0.699438850000000 -23.042122660000000  0.688205051653468
H     3.100000000000000 -18.523172509999998 -7.811372480000000  0.679350772504543
H     3.100000000000000 -16.083678490000000 -12.120981690000001  0.685448265009692
H     3.100000000000000 -14.166851710000000 -12.146255289999999  0.668721233872926
H     3.100000000000000 -11.650626160000000 -7.808314150000000  0.670155594516985
H     3.100000000000000 -12.583545790000001 -6.178004180000000  0.669508291581707
H     3.100000000000000 -17.597217799999999 -6.162059730000000  0.676914433582515
H     3.100000000000000 -20.420819800000000 -9.134281339999999  0.606002581714482
H     3.100000000000000 -19.601738659999999 -12.126002970000000  0.688058301061014
H     3.100000000000000 -16.034084690000000  12.135984470000000  0.679271290875136
H     3.100000000000000 -18.543147640000001  7.866204290000000  0.685499029519941
H     3.100000000000000 -17.607083939999999  6.194225410000000  0.668756491422275
H     3.100000000000000 -12.592225320000001  6.185257780000000  0.670181361830429
H     3.100000000000000 -11.647773900000001  7.807697000000000  0.669669327096285
H     3.100000000000000 -14.137932120000000  12.159184620000000  0.676825884335891
H     3.100000000000000 -18.134393740000000  13.116324090000001  0.605967112537679
H     3.100000000000000 -20.307990520000001  10.910453130000000  0.688551872341044
H     3.100000000000000  2.496642240000000  19.950945820000001  0.679368692119419
H     3.100000000000000 -2.455289640000000  19.993601850000001  0.685454496224417
H     3.100000000000000 -3.434734260000000  18.347197229999999  0.668860279825061
H     3.100000000000000 -0.939246120000000  13.997213909999999  0.670042249976653
H     3.100000000000000  0.941364450000000  13.989900260000001  0.669489784274150
H     3.100000000000000  3.461221210000000  18.324149320000000  0.677017349986567
H     3.100000000000000  2.299643080000000  22.257211370000000  0.606072836965396
H     3.100000000000000 -0.699438820000000  23.042122590000002  0.688205118197782
H     3.100000000000000  5.397821840000000  11.805909290000001  0.656337939164487
H     3.100000000000000  7.548746550000000  15.546881519999999  0.659628513969149
H     3.100000000000000  7.547564540000000  10.570313640000000  0.656781775439842
H     3.100000000000000  9.698549760000001  14.310923989999999  0.657828071225164
H     3.100000000000000  12.918236780000001  1.225888740000000  0.656218720359319
H     3.100000000000000  17.233293180000000  1.237907940000000  0.659785192703421
H     3.100000000000000  12.925308859999999 -1.254350850000000  0.656657622736039
H     3.100000000000000  17.240437369999999 -1.242066030000000  0.657962035196896
H     3.100000000000000  7.519311190000000 -10.578525770000001  0.656098218372247
H     3.100000000000000  9.692899530000000 -14.306258489999999  0.659908317981719
H     3.100000000000000  5.378000200000000 -11.827876990000000  0.657017196141351
H     3.100000000000000  7.551316830000000 -15.555555050000001  0.657598378860652
H     3.100000000000000 -5.397821720000000 -11.805909220000000  0.656337932697889
H     3.100000000000000 -7.548746490000000 -15.546881429999999  0.659628498312150
H     3.100000000000000 -7.547564420000000 -10.570313540000001  0.656781771904658
H     3.100000000000000 -9.698549679999999 -14.310923860000001  0.657828064806136
H     3.100000000000000 -12.918236650000001 -1.225888730000000  0.656218713604124
H     3.100000000000000 -17.233293040000000 -1.237908030000000  0.659785190674195
H     3.100000000000000 -12.925308780000000  1.254350860000000  0.656657619413667
H     3.100000000000000 -17.240437300000000  1.242065940000000  0.657962026856493
H     3.100000000000000 -7.519311290000000  10.578525830000000  0.656098218700710
H     3.100000000000000 -9.692899700000000  14.306258500000000  0.659908315517914
H     3.100000000000000 -5.378000320000000  11.827877100000000  0.657017204386808
H     3.100000000000000 -7.551317020000000  15.555555119999999  0.657598385395042
