 0.000000009     2.839964932     0.000000000    0.848762
 1.229750000     2.129968443     0.000000000    0.848787
 1.229750009     0.709975451     0.000000000    0.848745
 0.000000000     4.259978962     0.000000000    0.848880
 0.000000009     7.099964932     0.000000000    0.848980
 1.229750000     6.389968443     0.000000000    0.848973
 1.229750009     4.969975451     0.000000000    0.848882
 0.000000000     8.519978962     0.000000000    0.849005
 0.000000009    11.359964932     0.000000000    0.848815
 1.229750000    10.649968443     0.000000000    0.848892
 1.229750009     9.229975451     0.000000000    0.848925
 0.000000000    12.779978962     0.000000000    0.848774
 2.459500009     2.839964932     0.000000000    0.848819
 3.689250000     2.129968443     0.000000000    0.848917
 3.689250009     0.709975451     0.000000000    0.848887
 2.459500000     4.259978962     0.000000000    0.848880
 2.459500009     7.099964932     0.000000000    0.848885
 3.689250000     6.389968443     0.000000000    0.848844
 3.689250009     4.969975451     0.000000000    0.848836
 2.459500000     8.519978962     0.000000000    0.848916
 2.459500009    11.359964932     0.000000000    0.848839
 3.689250000    10.649968443     0.000000000    0.848881
 3.689250009     9.229975451     0.000000000    0.848818
 2.459500000    12.779978962     0.000000000    0.848848
 4.919000009     2.839964932     0.000000000    0.848924
 6.148750000     2.129968443     0.000000000    0.849004
 6.148750009     0.709975451     0.000000000    0.848982
 4.919000000     4.259978962     0.000000000    0.848891
 4.919000009     7.099964932     0.000000000    0.848741
 6.148750000     6.389968443     0.000000000    0.848770
 6.148750009     4.969975451     0.000000000    0.848813
 4.919000000     8.519978962     0.000000000    0.848784
 4.919000009    11.359964932     0.000000000    0.848885
 6.148750000    10.649968443     0.000000000    0.848882
 6.148750009     9.229975451     0.000000000    0.848760
 4.919000000    12.779978962     0.000000000    0.848976
 7.378500009     2.839964932     0.000000000    0.848924
 8.608250000     2.129968443     0.000000000    0.848917
 8.608250009     0.709975451     0.000000000    0.848887
 7.378500000     4.259978962     0.000000000    0.848891
 7.378500009     7.099964932     0.000000000    0.848741
 8.608250000     6.389968443     0.000000000    0.848844
 8.608250009     4.969975451     0.000000000    0.848836
 7.378500000     8.519978962     0.000000000    0.848784
 7.378500009    11.359964932     0.000000000    0.848885
 8.608250000    10.649968443     0.000000000    0.848881
 8.608250009     9.229975451     0.000000000    0.848818
 7.378500000    12.779978962     0.000000000    0.848976
 9.838000009     2.839964932     0.000000000    0.848819
11.067750000     2.129968443     0.000000000    0.848787
11.067750009     0.709975451     0.000000000    0.848745
 9.838000000     4.259978962     0.000000000    0.848880
 9.838000009     7.099964932     0.000000000    0.848885
11.067750000     6.389968443     0.000000000    0.848973
11.067750009     4.969975451     0.000000000    0.848882
 9.838000000     8.519978962     0.000000000    0.848916
 9.838000009    11.359964932     0.000000000    0.848839
11.067750000    10.649968443     0.000000000    0.848892
11.067750009     9.229975451     0.000000000    0.848925
 9.838000000    12.779978962     0.000000000    0.848848
