60

C    8.999999999999999527e-09    2.839964931999999997e+00    0.000000000000000000e+00    8.487620000000000164e-01
C    1.229749999999999899e+00    2.129968443000000100e+00    0.000000000000000000e+00    8.487869999999999582e-01
C    1.229750008999999977e+00    7.099754510000000352e-01    0.000000000000000000e+00    8.487449999999999717e-01
C    0.000000000000000000e+00    4.259978961999999925e+00    0.000000000000000000e+00    8.488799999999999679e-01
C    8.999999999999999527e-09    7.099964931999999784e+00    0.000000000000000000e+00    8.489799999999999569e-01
C    1.229749999999999899e+00    6.389968442999999887e+00    0.000000000000000000e+00    8.489729999999999777e-01
C    1.229750008999999977e+00    4.969975450999999822e+00    0.000000000000000000e+00    8.488820000000000254e-01
C    0.000000000000000000e+00    8.519978961999999711e+00    0.000000000000000000e+00    8.490050000000000097e-01
C    8.999999999999999527e-09    1.135996493200000046e+01    0.000000000000000000e+00    8.488149999999999862e-01
C    1.229749999999999899e+00    1.064996844300000056e+01    0.000000000000000000e+00    8.488919999999999799e-01
C    1.229750008999999977e+00    9.229975450999999609e+00    0.000000000000000000e+00    8.489250000000000407e-01
C    0.000000000000000000e+00    1.277997896199999950e+01    0.000000000000000000e+00    8.487740000000000284e-01
C    2.459500009000000098e+00    2.839964931999999997e+00    0.000000000000000000e+00    8.488189999999999902e-01
C    3.689249999999999918e+00    2.129968443000000100e+00    0.000000000000000000e+00    8.489170000000000327e-01
C    3.689250009000000219e+00    7.099754510000000352e-01    0.000000000000000000e+00    8.488869999999999472e-01
C    2.459499999999999797e+00    4.259978961999999925e+00    0.000000000000000000e+00    8.488799999999999679e-01
C    2.459500009000000098e+00    7.099964931999999784e+00    0.000000000000000000e+00    8.488850000000000007e-01
C    3.689249999999999918e+00    6.389968442999999887e+00    0.000000000000000000e+00    8.488440000000000429e-01
C    3.689250009000000219e+00    4.969975450999999822e+00    0.000000000000000000e+00    8.488360000000000349e-01
C    2.459499999999999797e+00    8.519978961999999711e+00    0.000000000000000000e+00    8.489160000000000039e-01
C    2.459500009000000098e+00    1.135996493200000046e+01    0.000000000000000000e+00    8.488390000000000102e-01
C    3.689249999999999918e+00    1.064996844300000056e+01    0.000000000000000000e+00    8.488809999999999967e-01
C    3.689250009000000219e+00    9.229975450999999609e+00    0.000000000000000000e+00    8.488179999999999614e-01
C    2.459499999999999797e+00    1.277997896199999950e+01    0.000000000000000000e+00    8.488480000000000469e-01
C    4.919000009000000340e+00    2.839964931999999997e+00    0.000000000000000000e+00    8.489240000000000119e-01
C    6.148749999999999716e+00    2.129968443000000100e+00    0.000000000000000000e+00    8.490039999999999809e-01
C    6.148750008999999572e+00    7.099754510000000352e-01    0.000000000000000000e+00    8.489820000000000144e-01
C    4.918999999999999595e+00    4.259978961999999925e+00    0.000000000000000000e+00    8.488909999999999512e-01
C    4.919000009000000340e+00    7.099964931999999784e+00    0.000000000000000000e+00    8.487409999999999677e-01
C    6.148749999999999716e+00    6.389968442999999887e+00    0.000000000000000000e+00    8.487700000000000244e-01
C    6.148750008999999572e+00    4.969975450999999822e+00    0.000000000000000000e+00    8.488130000000000397e-01
C    4.918999999999999595e+00    8.519978961999999711e+00    0.000000000000000000e+00    8.487839999999999829e-01
C    4.919000009000000340e+00    1.135996493200000046e+01    0.000000000000000000e+00    8.488850000000000007e-01
C    6.148749999999999716e+00    1.064996844300000056e+01    0.000000000000000000e+00    8.488820000000000254e-01
C    6.148750008999999572e+00    9.229975450999999609e+00    0.000000000000000000e+00    8.487599999999999589e-01
C    4.918999999999999595e+00    1.277997896199999950e+01    0.000000000000000000e+00    8.489759999999999529e-01
C    7.378500008999999693e+00    2.839964931999999997e+00    0.000000000000000000e+00    8.489240000000000119e-01
C    8.608249999999999957e+00    2.129968443000000100e+00    0.000000000000000000e+00    8.489170000000000327e-01
C    8.608250009000000702e+00    7.099754510000000352e-01    0.000000000000000000e+00    8.488869999999999472e-01
C    7.378499999999999837e+00    4.259978961999999925e+00    0.000000000000000000e+00    8.488909999999999512e-01
C    7.378500008999999693e+00    7.099964931999999784e+00    0.000000000000000000e+00    8.487409999999999677e-01
C    8.608249999999999957e+00    6.389968442999999887e+00    0.000000000000000000e+00    8.488440000000000429e-01
C    8.608250009000000702e+00    4.969975450999999822e+00    0.000000000000000000e+00    8.488360000000000349e-01
C    7.378499999999999837e+00    8.519978961999999711e+00    0.000000000000000000e+00    8.487839999999999829e-01
C    7.378500008999999693e+00    1.135996493200000046e+01    0.000000000000000000e+00    8.488850000000000007e-01
C    8.608249999999999957e+00    1.064996844300000056e+01    0.000000000000000000e+00    8.488809999999999967e-01
C    8.608250009000000702e+00    9.229975450999999609e+00    0.000000000000000000e+00    8.488179999999999614e-01
C    7.378499999999999837e+00    1.277997896199999950e+01    0.000000000000000000e+00    8.489759999999999529e-01
C    9.838000008999999935e+00    2.839964931999999997e+00    0.000000000000000000e+00    8.488189999999999902e-01
C    1.106775000000000020e+01    2.129968443000000100e+00    0.000000000000000000e+00    8.487869999999999582e-01
C    1.106775000899999917e+01    7.099754510000000352e-01    0.000000000000000000e+00    8.487449999999999717e-01
C    9.837999999999999190e+00    4.259978961999999925e+00    0.000000000000000000e+00    8.488799999999999679e-01
C    9.838000008999999935e+00    7.099964931999999784e+00    0.000000000000000000e+00    8.488850000000000007e-01
C    1.106775000000000020e+01    6.389968442999999887e+00    0.000000000000000000e+00    8.489729999999999777e-01
C    1.106775000899999917e+01    4.969975450999999822e+00    0.000000000000000000e+00    8.488820000000000254e-01
C    9.837999999999999190e+00    8.519978961999999711e+00    0.000000000000000000e+00    8.489160000000000039e-01
C    9.838000008999999935e+00    1.135996493200000046e+01    0.000000000000000000e+00    8.488390000000000102e-01
C    1.106775000000000020e+01    1.064996844300000056e+01    0.000000000000000000e+00    8.488919999999999799e-01
C    1.106775000899999917e+01    9.229975450999999609e+00    0.000000000000000000e+00    8.489250000000000407e-01
C    9.837999999999999190e+00    1.277997896199999950e+01    0.000000000000000000e+00    8.488480000000000469e-01
lattice_vector    1.229750000000000e+01    0.000000000000000e+00    0.000000000000000e+00
lattice_vector    0.000000000000000e+00    1.278000000000000e+01    0.000000000000000e+00
lattice_vector    0.000000000000000e+00    0.000000000000000e+00    1.500000000000000e+01
