75

Ti      0.34082495       3.92640025       7.55922562 	0.82428771
Ti      3.29937506       3.92640025       7.55922562 	0.82432844
Ti      4.77865005       0.65440002       7.55922562 	0.76653939
Ti      0.33723109       0.61024214      10.84358608 	0.84378501
Ti      1.82009990       0.65440002       7.55922562 	0.76657897
Ti      3.29704227       0.61034927      10.83699960 	0.84388465
Ti      4.77684449       3.89125678      10.78062174 	0.84546723
Ti      0.24647363       3.92832990      14.14723493 	0.84460859
Ti      1.81612287       3.89246527      10.79634575 	0.84575761
Ti      3.24826846       3.92789951      14.04676728 	0.84477468
Ti      4.75049423       0.65631377      14.12938936 	0.84347846
Ti      0.32664046       0.62190686      17.39136358 	0.84485304
Ti      1.78933563       0.65655334      14.12073476 	0.84331258
Ti      3.28034459       0.62093295      17.36410245 	0.84344452
Ti      4.76670437       3.90639705      17.50395176 	0.84545769
Ti      0.41736802       3.96593117      20.62502859 	0.83014957
Ti      1.81818093       3.89919659      17.31166476 	0.84497987
Ti      3.21542747       3.98128511      20.78652352 	0.81927776
Ti      4.80399608       0.64761556      20.61464235 	0.82989972
Ti      1.83627018       0.72567806      20.63372712 	0.83115952
O      4.77865005       3.92640025       6.25022355 	0.97196983
O      4.77977549       3.92739493       8.92512819 	0.93915664
O      0.34082495       5.88959998       7.55922562 	0.93444809
O      1.82009990       3.92640025       6.25022355 	0.97190344
O      1.82035255       3.92724365       8.92883512 	0.94039612
O      3.29937506       5.88959998       7.55922562 	0.93442447
O      0.34082495       1.96320012       7.55922562 	0.93438244
O      3.29937506       1.96320012       7.55922562 	0.93435786
O      4.78132214       0.65330068       9.43819558 	0.93609119
O      4.77663899       0.65532358      12.05339903 	0.93445528
O      0.33872185       5.22762300      10.85872931 	0.93900511
O      0.33836378       2.62832121      10.85900764 	0.93872938
O      1.81929151       0.65323159       9.43819741 	0.93608365
O      1.82147280       0.65549326      12.05215993 	0.93435069
O      3.30111468       5.22917719      10.85237117 	0.93943266
O      3.30070570       2.62749707      10.85273301 	0.93921045
O      4.77017959       3.93056158      12.85486196 	0.93804245
O      4.79775113       3.92484274      15.40776633 	0.94174465
O      0.34127205       5.93325765      14.08972079 	0.93757696
O      1.82894871       3.92972655      12.85103422 	0.94017866
O      1.81906623       3.92614431      15.40901434 	0.93785927
O      3.29767970       5.93401379      14.10107445 	0.93765063
O      0.34089610       1.92269133      14.08710971 	0.93752212
O      3.29770905       1.92220809      14.09801232 	0.93755026
O      4.79212235       0.65623061      16.09889283 	0.93584222
O      4.76131880       0.65967294      18.66817125 	0.93645265
O      0.34733126       5.21863703      17.40753536 	0.93954725
O      0.35125461       2.63716065      17.41667178 	0.93921159
O      1.80979559       0.65824813      16.09822622 	0.93620082
O      1.84429046       0.63796444      18.67650372 	0.93669012
O      3.30144168       5.21595120      17.37409645 	0.93892176
O      3.29618009       2.63835441      17.38585148 	0.93839625
O      4.75321077       3.94344808      19.38695286 	0.94138007
O      4.80647405       3.86985041      22.01537796 	0.90875078
O      0.31039929       5.91727705      20.62612375 	0.94127229
O      1.86494958       3.94465238      19.38491971 	0.93901918
O      1.78337945       3.92781597      21.89957486 	0.93673200
O      3.32485259       5.94432798      20.79016355 	0.93530601
O      0.36085138       1.94264561      20.57209554 	0.94334700
O      3.29768403       1.91872428      20.76897632 	0.93653974
O      5.13125805       0.81307471      22.67525515 	0.90133730
O      1.48077904       0.63618698      22.66725364 	0.90185562
H      4.83085574       3.10181847      22.61802367 	0.73155035
H      4.25510771       1.39871653      27.42325022 	0.65016837
H      2.36690226      -0.11284444      27.39990858 	0.64971526
H      4.23811360       1.38904800      24.90409464 	0.68771335
H      2.37068687      -0.05789217      24.87440991 	0.68824840
C      0.35264069       0.70636932      23.26352809 	0.83410417
C      0.35182220       0.68084596      24.74696479 	0.83605450
C      5.12481202       1.07577839      25.45686353 	0.81329376
C      5.12352282       1.07520815      26.84917461 	0.80721850
C      0.35543178       0.64761426      27.50890917 	0.82832957
C      1.50022217       0.23015305      26.83462973 	0.80692876
C      1.49577087       0.26081392      25.44264398 	0.81267918
F      0.35886002       0.63347934      28.87014764 	0.92551141
lattice_vector	 5.9171	 	0.0000		 0.0000
lattice_vector	 0.0000	    6.5450		 0.0000
lattice_vector	 0.0000		0.0000		35.0000	
